-----------------------------Instancia Multi-stage BRKGA 50 5-------------------------------------------------------
data/PSC1-C1-50-5.txt 1926578 1929192.000000 2516.598577 529.889715 37.084353
data/PSC2-C1-50-5.txt 1933532 1935072.900000 1292.049647 757.258571 251.188454
data/PSC3-C1-50-5.txt 1932969 1935008.400000 1634.212667 1203.805521 518.415770
data/PSC4-C1-50-5.txt 1910996 1911773.300000 514.203860 530.182228 16.144415
data/PSC5-C1-50-5.txt 1898009 1902451.200000 3204.695424 520.003361 14.841891
data/PSC1-C2-50-5.txt 1645399 1665717.200000 12627.084246 504.879892 13.861212
data/PSC2-C2-50-5.txt 1643632 1653681.000000 14009.234654 526.197754 32.779287
data/PSC3-C2-50-5.txt 1642563 1646281.300000 2860.150557 825.362141 235.193883
-----------------------------Instancia Multi-stage BRKGA 50 5-------------------------------------------------------
data/PSC1-C1-50-5.txt 1930519 1934518.666667 3814.827242 579.070984 106.897108
data/PSC2-C1-50-5.txt 1937974 1940297.666667 3205.888575 660.417375 107.407445
-----------------------------Instancia Multi-stage BRKGA 50 5-------------------------------------------------------
data/PSC1-C1-50-5.txt 1929745 1937880.200000 5684.064194 334.807206 36.864306
data/PSC2-C1-50-5.txt 1937761 1944727.000000 5638.476106 325.601176 11.801790
data/PSC3-C1-50-5.txt 1936540 1944830.400000 5311.659951 311.179221 9.691005
data/PSC4-C1-50-5.txt 1913322 1926478.200000 14111.796419 333.739150 9.240368
data/PSC5-C1-50-5.txt 1898412 1913387.800000 10938.190900 403.367477 46.184387
-----------------------------Instancia Multi-stage BRKGA 50 5-------------------------------------------------------
-----------------------------Instancia Multi-stage BRKGA 50 5-------------------------------------------------------
data/PSC1-C1-50-5.txt 722178 722178.000000 0.000000 10.789863 0.706597
-----------------------------Instancia Multi-stage BRKGA 50 5-------------------------------------------------------
-----------------------------Instancia Multi-stage BRKGA 50 5-------------------------------------------------------

0,0,0,1,0,0,0,1,0,0,1,1,1,0,0,0,0,0,1,0,1,0,1,0,0,0,0,1,0,0,0,1,0,0,0,0,0,0,0,1,1,0,0,0,1,0,0,0,1,1,0,0,0,1,0,1,0,0,1,0,0,0,0,0,0,0,1,1,0,0,1,0,0,0,1,0,0,0,0,1,0,0,0,0,1,0,1,0,0,0,0,0,0,0,1,0,0,0,1,0,0,1,0,0,0,1,1,1,0,0,0,1,0,1,1,0,0,1,0,0,0,1,0,1,0,1,0,0,1,0,0,0,0,1,0,1,1,0,0,0,1,1,0,1,0,0,0,0,1,0,
-----------------------------Instancia Multi-stage BRKGA 50 5-------------------------------------------------------
data/PSC1-C1-50-5.txt 1932941 1938183.400000 5361.030670 909.486416 330.370092
data/PSC2-C1-50-5.txt 1935445 1940882.000000 5209.353818 858.928343 502.388457
data/PSC3-C1-50-5.txt 1935573 1937150.200000 1361.694738 625.334382 73.047556
data/PSC4-C1-50-5.txt 1911450 1939696.000000 16764.868947 740.540293 19.997875
data/PSC5-C1-50-5.txt 1898826 1903492.600000 4814.860937 734.264739 23.577283
data/PSC1-C2-50-5.txt 1645536 1683310.400000 22129.846946 1135.246924 329.851929
data/PSC2-C2-50-5.txt 1646878 1668418.400000 19134.907312 662.074313 111.377465
data/PSC3-C2-50-5.txt 1643718 1663922.400000 20386.905499 464.134519 108.074790
data/PSC4-C2-50-5.txt 1671191 1683105.400000 6696.450660 427.059271 46.060164
data/PSC5-C2-50-5.txt 1647056 1669595.800000 11505.556039 777.431648 482.743732
data/PSC1-C3-50-5.txt 13084473 13089233.000000 5195.397155 319.576260 6.039343
data/PSC2-C3-50-5.txt 13094341 13097159.800000 3226.800174 306.493920 11.269214
data/PSC3-C3-50-5.txt 13012338 13020014.200000 6243.914106 307.540939 11.209219
data/PSC4-C3-50-5.txt 13088652 13095382.200000 4895.018341 301.316620 8.381122
data/PSC5-C3-50-5.txt 13045345 13054824.000000 5512.817900 301.691362 9.363840
data/PSC1-C4-50-5.txt 1921487 1932075.200000 9773.244280 361.802760 11.166312
data/PSC2-C4-50-5.txt 1925613 1937046.000000 12643.345159 390.772538 13.993923
data/PSC3-C4-50-5.txt 1937068 1948654.400000 7959.158363 395.427285 13.991484
data/PSC4-C4-50-5.txt 1914801 1930129.800000 9869.571650 401.712664 22.575512
data/PSC5-C4-50-5.txt 1929249 1957568.000000 39649.733654 382.173979 21.270505
data/PSC1-C5-50-5.txt 13166983 13172899.800000 3371.401335 365.527750 14.118865
data/PSC2-C5-50-5.txt 13113174 13118710.400000 3049.620934 380.929109 23.167584
data/PSC3-C5-50-5.txt 13158009 13167993.400000 12540.923995 373.514777 14.822567
data/PSC4-C5-50-5.txt 13168816 13184682.800000 9216.417946 380.485597 16.523204
data/PSC5-C5-50-5.txt 13125042 13133124.800000 6830.692334 396.509166 50.632499
-----------------------------Instancia Multi-stage BRKGA 50 5-------------------------------------------------------
data/PSC1-C1-50-5.txt 1929758 1935466.400000 4744.343015 732.436682 439.664837
data/PSC2-C1-50-5.txt 1946397 1953761.800000 6492.678073 1095.491060 574.364992
data/PSC3-C1-50-5.txt 1939562 1951786.200000 21378.869010 397.563638 26.407372
data/PSC4-C1-50-5.txt 1910866 1913993.200000 1632.001152 972.390644 325.489937
data/PSC5-C1-50-5.txt 1919795 1922986.600000 3652.647730 1089.900268 291.565968
data/PSC2-C5-50-5.txt 13115119 13119507.600000 4317.790389 747.860601 56.072543
data/PSC3-C5-50-5.txt 13162666 13169451.200000 5641.193150 500.596785 125.761247
-----------------------------Instancia Multi-stage BRKGA 50 5-------------------------------------------------------
-----------------------------Instancia Multi-stage BRKGA 50 5-------------------------------------------------------
-----------------------------Instancia Multi-stage BRKGA 50 5-------------------------------------------------------
data/PSC1-C1-50-5.txt 1928668 1934295.000000 4900.763043 364.026048 28.169554
data/PSC2-C1-50-5.txt 1935150 1938072.800000 2083.345905 406.625126 10.733709
data/PSC3-C1-50-5.txt 1935502 1938843.200000 3327.127013 413.154323 18.831001
-----------------------------Instancia Multi-stage BRKGA 50 5-------------------------------------------------------
-----------------------------Instancia Multi-stage BRKGA 50 5-------------------------------------------------------
data/PSC1-C1-50-5.txt 1923988 1929484.400000 3216.257365 337.208804 32.605562
data/PSC2-C1-50-5.txt 1933250 1939387.400000 3586.643032 360.125045 32.771060
data/PSC3-C1-50-5.txt 1933435 1936232.600000 3748.136422 372.124729 17.616526
data/PSC4-C1-50-5.txt 1911844 1916269.000000 7525.557521 354.406167 23.915600
data/PSC5-C1-50-5.txt 1900780 1905231.400000 3151.094197 413.720682 16.064242
data/PSC1-C2-50-5.txt 1668031 1689603.000000 15005.444865 395.228724 38.836970
data/PSC2-C2-50-5.txt 1656306 1677287.000000 18050.712274 320.652917 42.167566
data/PSC3-C2-50-5.txt 1645546 1648517.000000 3950.642530 333.022307 44.700910
data/PSC4-C2-50-5.txt 1662004 1689758.200000 14588.001856 377.598993 32.874436
data/PSC5-C2-50-5.txt 1686061 1693775.400000 8416.891008 374.436868 37.254417
data/PSC1-C3-50-5.txt 13074263 13083773.000000 6876.631821 444.328477 37.905147
data/PSC2-C3-50-5.txt 13089992 13095737.800000 3959.879412 479.771036 12.868192
data/PSC3-C3-50-5.txt 13013103 13022084.000000 5995.322944 718.148398 394.446417
data/PSC4-C3-50-5.txt 13090521 13096748.200000 4393.670739 761.022483 404.842241
data/PSC5-C3-50-5.txt 13046633 13051194.200000 4177.239826 363.061411 30.294332
data/PSC1-C4-50-5.txt 1929260 1934486.000000 4625.818501 469.138248 49.214226
data/PSC2-C4-50-5.txt 1926203 1932271.000000 4816.474271 371.316123 19.636274
data/PSC3-C4-50-5.txt 1922173 1930040.400000 6430.240885 374.840370 14.532332
data/PSC4-C4-50-5.txt 1918402 1934287.600000 10697.169824 367.053103 11.723963
data/PSC5-C4-50-5.txt 1927910 1938425.800000 8057.239239 356.691101 13.021485
data/PSC1-C5-50-5.txt 13165860 13173996.800000 5182.529938 337.776430 19.716969
data/PSC2-C5-50-5.txt 13119578 13121807.600000 1758.197782 352.360535 8.027964
data/PSC3-C5-50-5.txt 13152745 13162747.000000 5542.057921 335.221623 18.355441
data/PSC4-C5-50-5.txt 13170353 13180291.800000 6216.095604 347.627501 11.601036
data/PSC5-C5-50-5.txt 13126366 13131798.600000 4715.062570 346.485233 10.247732
-----------------------------Instancia Multi-stage BRKGA 50 5-------------------------------------------------------
-----------------------------Instancia Multi-stage BRKGA 50 5-------------------------------------------------------
data/PSC1-C1-50-5.txt 1927370 1932477.400000 2925.176754 617.899265 113.637852
data/PSC2-C1-50-5.txt 1936304 1938949.400000 2631.205245 482.550486 108.225187
data/PSC3-C1-50-5.txt 1933882 1935975.400000 1957.390978 380.459868 38.201192
data/PSC4-C1-50-5.txt 1911628 1913372.400000 1966.988419 518.645026 116.423400
data/PSC5-C1-50-5.txt 1899147 1904030.400000 2696.954178 476.072557 173.388376
data/PSC1-C2-50-5.txt 1661011 1672931.800000 10578.222580 311.154513 7.340190
data/PSC2-C2-50-5.txt 1653346 1655590.200000 2693.385557 303.947769 13.115544
data/PSC3-C2-50-5.txt 1642698 1653258.800000 11382.341119 310.024222 12.994605
data/PSC4-C2-50-5.txt 1684906 1690692.000000 4125.048169 319.155675 11.448966
data/PSC5-C2-50-5.txt 1658510 1679872.600000 11206.116358 301.601309 14.271260
data/PSC1-C3-50-5.txt 13089324 13091500.000000 2188.037568 309.574269 5.161543
data/PSC2-C3-50-5.txt 13087047 13095774.400000 5314.746940 307.735685 2.702190
data/PSC3-C3-50-5.txt 13012434 13018343.200000 4038.279703 304.630079 2.865231
data/PSC4-C3-50-5.txt 13085613 13092092.200000 4565.837509 289.913552 2.738840
data/PSC5-C3-50-5.txt 13038591 13045543.400000 4520.533800 311.180975 6.503762
data/PSC1-C4-50-5.txt 1921155 1935342.200000 13271.578315 361.144725 6.673180
data/PSC2-C4-50-5.txt 1928757 1941266.400000 7790.656060 338.448015 12.274384
data/PSC3-C4-50-5.txt 1920636 1924281.400000 2964.529211 378.817064 16.074691
data/PSC4-C4-50-5.txt 1912333 1925053.600000 9719.133719 367.844148 10.783507
data/PSC5-C4-50-5.txt 1940392 1944791.000000 3600.017333 352.371862 13.338639
data/PSC1-C5-50-5.txt 13173968 13179097.200000 3448.913069 344.971919 12.830478
data/PSC2-C5-50-5.txt 13122118 13123996.800000 1624.875552 342.157359 18.068589
data/PSC3-C5-50-5.txt 13157669 13170247.800000 8294.004905 347.391380 22.843859
data/PSC4-C5-50-5.txt 13176530 13185248.200000 7089.060965 361.745002 23.383007
data/PSC5-C5-50-5.txt 13127637 13135365.800000 5539.712462 326.584686 16.719298
